200 1.0E-05 
210 1.0E-05 
220 1.0E-05 
230 1.0E-05  
240 1.0E-05  
250 1.0E-05  
260 1.0E-05  
270 1.0E-05 
280 1.0E-05 
290 1.0E-05  
300 1.0E-05  
310 1.5E-04  
320 4.200E-02  
330 2.560E-01  
340 4.940E-01  
350 6.470E-01 
360 7.320E-01 
370 7.830E-01  
380 8.180E-01  
390 8.450E-01  
400 8.670E-01  
410 8.860E-01  
420 9.020E-01 
430 9.170E-01  
440 9.290E-01  
450 9.390E-01 
460 9.480E-01  
470 9.560E-01  
480 9.630E-01 
490 9.670E-01 
500 9.704E-01
510 9.705E-01
520 9.670E-01 
530 9.571E-01
540 9.410E-01
550 9.140E-01
560 8.740E-01
570 8.200E-01 
580 7.510E-01 
590 6.680E-01
600 5.750E-01
610 4.760E-01
620 3.780E-01
630 2.870E-01
640 2.070E-01
650 1.420E-01 
660 9.200E-02 
670 5.700E-02
680 3.371E-02
690 1.900E-02
700 1.000E-02
710 5.032E-03
720 2.553E-03 
730 1.289E-03
740 6.470E-04
750 3.320E-04
760 1.712E-04
770 9.260E-05
780 5.137E-05 
790 3.007E-05 
800 1.914E-05 