200 1.0E-05   
210 1.0E-05
220 1.0E-05 
230 1.0E-05 
240 1.0E-05 
250 1.0E-05 
260 1.0E-05  
270 1.0E-05  
280 1.0E-05 
290 1.0E-05 
300 1.0E-05  
310 2.6E-02  
320 3.560E-01  
330 6.860E-01 
340 8.320E-01  
350 8.940E-01  
360 9.230E-01  
370 9.380E-01  
380 9.470E-01  
390 9.540E-01 
400 9.590E-01 
410 9.638E-01  
420 9.671E-01  
430 9.698E-01 
440 9.723E-01  
450 9.748E-01  
460 9.771E-01  
470 9.792E-01  
480 9.809E-01  
490 9.819E-01 
500 9.821E-01
510 9.812E-01 
520 9.790E-01 
530 9.745E-01 
540 9.670E-01 
550 9.556E-01 
560 9.390E-01
570 9.150E-01
580 8.820E-01 
590 8.400E-01 
600 7.880E-01
610 7.260E-01
620 6.570E-01
630 5.810E-01 
640 5.030E-01
650 4.240E-01
660 3.490E-01
670 2.790E-01
680 2.170E-01
690 1.650E-01 
700 1.230E-01 
710 8.900E-02
720 6.400E-02
730 4.570E-02 
740 3.200E-02
750 2.267E-02
760 1.580E-02
770 1.138E-02
780 8.250E-03
790 5.710E-03 
800 4.252E-03