
200 1.0E-05 	  
210 1.0E-05 	
220 1.0E-05  
230 1.0E-05 
240 1.0E-05 
250 1.0E-05  
260 1.0E-05 
270 1.0E-05  
280 1.0E-05  
290 1.0E-05  
300 1.0E-05 
310 1.0E-05  
320 7.831E-05  
330 1.360E-02 
340 1.301E-01 
350 3.524E-01  
360 5.453E-01  
370 6.642E-01  
380 7.356E-01 
390 7.795E-01  
400 8.093E-01  
410 8.314E-01  
420 8.515E-01 
430 8.678E-01  
440 8.817E-01 
450 8.959E-01 
460 9.080E-01 
470 9.150E-01  
480 9.214E-01 
490 9.303E-01  
500 9.319E-01
510 9.286E-01 
520 9.187E-01
530 8.991E-01  
540 8.673E-01 
550 8.208E-01
560 7.573E-01 
570 6.790E-01
580 5.874E-01
590 4.892E-01
600 3.905E-01 
610 2.979E-01
620 2.168E-01
630 1.505E-01 
640 1.000E-01 
650 6.356E-02
660 3.882E-02
670 2.294E-02
680 1.314E-02 
690 7.409E-03
700 4.338E-03
710 2.421E-03
720 1.378E-03 
730 7.905E-04
740 4.644E-04 
750 2.818E-04 
760 1.794E-04 
770 1.187E-04
780 8.223E-05 
790 6.013E-05
800 4.553E-05