200 1E-05             	
210 1E-05        		
220 1E-05             	
230 1E-05        		
240 1E-05           	
250 1E-05        	
260 1E-05       	
270 1E-05       	
280 1E-05        	
290 1E-05           	
300 1E-05        	
310 1E-05    		
320 1E-05  		
330 1.702E-04     		
340 1.300E-02  		
350 9.108E-02   		
360 2.195E-01   		
370 3.360E-01   		
380 4.226E-01  		
390 4.878E-01   		
400 5.392E-01   		
410 5.833E-01  		 	
420 6.234E-01  		 	
430 6.594E-01     		
440 6.935E-01    		
450 7.239E-01    		
460 7.523E-01   			
470 7.760E-01   		
480 7.970E-01    		
490 8.128E-01  
500 8.231E-01 
510 8.251E-01
520 8.162E-01 
530 7.899E-01 
540 7.437E-01
550 6.764E-01 
560 5.876E-01
570 4.859E-01
580 3.787E-01
590 2.747E-01
600 1.851E-01 
610 1.152E-01 
620 6.630E-02 
630 3.513E-02
640 1.721E-02 
650 7.798E-03
660 3.302E-03
670 1.321E-03    	
680 5.023E-04 
690 1.842E-04
700 8.097E-05
710 2.428E-05 
720 1.000E-05 
730 1.000E-05
740 1.000E-05 
750 1.000E-05
760 1.000E-05
770 1.000E-05
780 1.000E-05 
790 1.000E-05 
800 1.000E-05