2.066333333
2.068056714
2.069782972
2.071512114
2.073244147
2.074979079
2.076716918
2.07845767
2.080201342
2.081947943
2.083697479
2.085449958
2.087205387
2.088963774
2.090725126
2.092489451
2.094256757
2.09602705
2.097800338
2.09957663
2.101355932
2.103138253
2.104923599
2.10671198
2.108503401
2.110297872
2.1120954
2.113895993
2.115699659
2.117506405
2.119316239
2.12112917
2.122945205
2.124764353
2.126586621
2.128412017
2.13024055
2.132072227
2.133907057
2.135745047
2.137586207
2.139430544
2.141278066
2.143128781
2.144982699
2.146839827
2.148700173
2.150563747
2.152430556
2.154300608
2.156173913
2.158050479
2.159930314
2.161813426
2.163699825
2.16558952
2.167482517
2.169378828
2.171278459
2.17318142
2.175087719
2.176997366
2.178910369
2.180826737
2.182746479
2.184669604
2.18659612
2.188526037
2.190459364
2.19239611
2.194336283
2.196279894
2.19822695
2.200177462
2.202131439
2.204088889
2.206049822
2.208014248
2.209982175
2.211953613
2.213928571
2.21590706
2.217889088
2.219874664
2.221863799
2.223856502
2.225852783
2.22785265
2.229856115
2.231863186
2.233873874
2.235888188
2.237906137
2.239927733
2.241952984
2.2439819
2.246014493
2.248050771
2.250090744
2.252134423
2.254181818
2.256232939
2.258287796
2.260346399
2.262408759
2.264474886
2.26654479
2.268618481
2.270695971
2.272777269
2.274862385
2.276951331
2.279044118
2.281140754
2.283241252
2.285345622
2.287453875
2.28956602
2.29168207
2.293802035
2.295925926
2.298053753
2.300185529
2.302321263
2.304460967
2.306604651
2.308752328
2.310904007
2.313059701
2.315219421
2.317383178
2.319550982
2.321722846
2.323898782
2.326078799
2.328262911
2.330451128
2.332643462
2.334839925
2.337040528
2.339245283
2.341454202
2.343667297
2.345884579
2.348106061
2.350331754
2.35256167
2.354795821
2.357034221
2.359276879
2.36152381
2.363775024
2.366030534
2.368290353
2.370554493
2.372822967
2.375095785
2.377372963
2.379654511
2.381940442
2.384230769
2.386525505
2.388824663
2.391128255
2.393436293
2.395748792
2.398065764
2.400387222
2.402713178
2.405043647
2.407378641
2.409718173
2.412062257
2.414410906
2.416764133
2.419121951
2.421484375
2.423851417
2.426223092
2.428599412
2.430980392
2.433366045
2.435756385
2.438151426
2.440551181
2.442955665
2.445364892
2.447778875
2.450197628
2.452621167
2.455049505
2.457482656
2.459920635
2.462363456
2.464811133
2.467263682
2.469721116
2.47218345
2.474650699
2.477122877
2.4796
2.482082082
2.484569138
2.487061184
2.489558233
2.492060302
2.494567404
2.497079557
2.499596774
2.502119072
2.504646465
2.507178969
2.509716599
2.512259372
2.514807302
2.517360406
2.519918699
2.522482197
2.525050916
2.527624873
2.530204082
2.53278856
2.535378323
2.537973388
2.54057377
2.543179487
2.545790554
2.548406989
2.551028807
2.553656025
2.55628866
2.558926729
2.561570248
2.564219235
2.566873706
2.569533679
2.57219917
2.574870197
2.577546778
2.580228928
2.582916667
2.58561001
2.588308977
2.591013584
2.593723849
2.596439791
2.599161426
2.601888772
2.604621849
2.607360673
2.610105263
2.612855638
2.615611814
2.618373812
2.621141649
2.623915344
2.626694915
2.629480382
2.632271762
2.635069075
2.63787234
2.640681576
2.643496802
2.646318036
2.649145299
2.65197861
2.654817987
2.657663451
2.660515021
2.663372718
2.666236559
2.669106566
2.671982759
2.674865156
2.67775378
2.680648649
2.683549784
2.686457205
2.689370933
2.692290988
2.695217391
2.698150163
2.701089325
2.704034896
2.7069869
2.709945355
2.712910284
2.715881709
2.718859649
2.721844127
2.724835165
2.727832783
2.730837004
2.73384785
2.736865342
2.739889503
2.742920354
2.745957918
2.749002217
2.752053274
2.755111111
2.758175751
2.761247216
2.76432553
2.767410714
2.770502793
2.77360179
2.776707727
2.779820628
2.782940516
2.786067416
2.78920135
2.792342342
2.795490417
2.798645598
2.80180791
2.804977376
2.80815402
2.811337868
2.814528944
2.817727273
2.820932878
2.824145786
2.827366021
2.830593607
2.833828571
2.837070938
2.840320733
2.843577982
2.84684271
2.850114943
2.853394707
2.856682028
2.859976932
2.863279446
2.866589595
2.869907407
2.873232908
2.876566125
2.879907085
2.883255814
2.88661234
2.88997669
2.893348891
2.896728972
2.900116959
2.903512881
2.906916764
2.910328638
2.913748531
2.917176471
2.920612485
2.924056604
2.927508855
2.930969267
2.93443787
2.937914692
2.941399763
2.944893112
2.948394768
2.951904762
2.955423123
2.958949881
2.962485066
2.966028708
2.969580838
2.973141487
2.976710684
2.980288462
2.98387485
2.98746988
2.991073583
2.99468599
2.998307134
3.001937046
3.005575758
3.009223301
3.012879708
3.016545012
3.020219245
3.023902439
3.027594628
3.031295844
3.03500612
3.03872549
3.042453988
3.046191646
3.049938499
3.053694581
3.057459926
3.061234568
3.065018541
3.068811881
3.072614622
3.076426799
3.080248447
3.084079602
3.087920299
3.091770574
3.095630462
3.0995
3.103379224
3.10726817
3.111166876
3.115075377
3.118993711
3.122921914
3.126860025
3.130808081
3.134766119
3.138734177
3.142712294
3.146700508
3.150698856
3.154707379
3.158726115
3.162755102
3.166794381
3.17084399
3.174903969
3.178974359
3.183055199
3.18714653
3.191248391
3.195360825
3.199483871
3.203617571
3.207761966
3.211917098
3.216083009
3.22025974
3.224447334
3.228645833
3.23285528
3.237075718
3.24130719
3.245549738
3.249803408
3.254068241
3.258344284
3.262631579
3.266930171
3.271240106
3.275561427
3.27989418
3.284238411
3.288594164
3.292961487
3.297340426
3.301731025
3.306133333
3.310547397
3.314973262
3.319410977
3.32386059
3.328322148
3.332795699
3.337281292
3.341778976
3.346288799
3.350810811
3.355345061
3.359891599
3.364450475
3.369021739
3.373605442
3.378201635
3.382810368
3.387431694
3.392065663
3.396712329
3.401371742
3.406043956
3.410729023
3.415426997
3.420137931
3.424861878
3.429598893
3.43434903
3.439112344
3.443888889
3.44867872
3.453481894
3.458298466
3.463128492
3.467972028
3.472829132
3.47769986
3.48258427
3.487482419
3.492394366
3.497320169
3.502259887
3.507213579
3.512181303
3.517163121
3.522159091
3.527169275
3.532193732
3.537232525
3.542285714
3.547353362
3.55243553
3.557532281
3.562643678
3.567769784
3.572910663
3.578066378
3.583236994
3.588422576
3.593623188
3.598838897
3.604069767
3.609315866
3.614577259
3.619854015
3.625146199
3.63045388
3.635777126
3.641116006
3.646470588
3.651840943
3.657227139
3.662629247
3.668047337
3.673481481
3.678931751
3.684398217
3.689880952
3.69538003
3.700895522
3.706427504
3.711976048
3.717541229
3.723123123
3.728721805
3.734337349
3.739969834
3.745619335
3.75128593
3.756969697
3.762670713
3.768389058
3.77412481
3.779878049
3.785648855
3.791437309
3.797243492
3.803067485
3.80890937
3.814769231
3.820647149
3.82654321
3.832457496
3.838390093
3.844341085
3.850310559
3.8562986
3.862305296
3.868330733
3.874375
3.880438185
3.886520376
3.892621664
3.898742138
3.90488189
3.911041009
3.917219589
3.923417722
3.929635499
3.935873016
3.942130366
3.948407643
3.954704944
3.961022364
3.96736
3.973717949
3.980096308
3.986495177
3.992914654
3.999354839
4.005815832
4.012297735
4.018800648
4.025324675
4.031869919
4.038436482
4.04502447
4.051633987
4.058265139
4.064918033
4.071592775
4.078289474
4.085008237
4.091749175
4.098512397
4.105298013
4.112106136
4.118936877
4.125790349
4.132666667
4.139565943
4.146488294
4.153433836
4.160402685
4.167394958
4.174410774
4.181450253
4.188513514
4.195600677
4.202711864
4.209847199
4.217006803
4.224190801
4.231399317
4.238632479
4.245890411
4.253173242
4.2604811
4.267814114
4.275172414
4.282556131
4.289965398
4.297400347
4.304861111
4.312347826
4.319860627
4.327399651
4.334965035
4.342556918
4.350175439
4.357820738
4.365492958
4.37319224
4.380918728
4.388672566
4.396453901
4.404262877
4.412099644
4.419964349
4.427857143
4.435778175
4.443727599
4.451705566
4.45971223
4.467747748
4.475812274
4.483905967
4.492028986
4.500181488
4.508363636
4.516575592
4.524817518
4.53308958
4.541391941
4.549724771
4.558088235
4.566482505
4.574907749
4.58336414
4.591851852
4.600371058
4.608921933
4.617504655
4.626119403
4.634766355
4.643445693
4.652157598
4.660902256
4.669679849
4.678490566
4.687334594
4.696212121
4.70512334
4.714068441
4.723047619
4.732061069
4.741108987
4.750191571
4.759309021
4.768461538
4.777649326
4.786872587
4.796131528
4.805426357
4.814757282
4.824124514
4.833528265
4.84296875
4.852446184
4.861960784
4.87151277
4.881102362
4.890729783
4.900395257
4.91009901
4.91984127
4.929622266
4.939442231
4.949301397
4.9592
4.969138277
4.979116466
4.989134809
4.999193548
5.009292929
5.019433198
5.029614604
5.039837398
5.050101833
5.060408163
5.070756646
5.081147541
5.091581109
5.102057613
5.11257732
5.123140496
5.133747412
5.14439834
5.155093555
5.165833333
5.176617954
5.187447699
5.198322851
5.209243697
5.220210526
5.231223629
5.242283298
5.253389831
5.264543524
5.275744681
5.286993603
5.298290598
5.309635974
5.321030043
5.332473118
5.343965517
5.355507559
5.367099567
5.378741866
5.390434783
1.042808241
1.043571036
1.044458073
1.046081513
1.049303943
1.053646944
1.058257214
1.061273385
1.063303651
1.064342314
1.065009521
1.065553971
1.067848345
1.071904009
1.077741242
1.08361215
1.087478193
1.088425249
1.087845599
1.08675902
1.086183641
1.087008734
1.089875002
1.094286282
1.100003966
1.105753437
1.111665026
1.115910416
1.118339128
1.11946333
1.120196796
1.121720074
1.125616671
1.1293963
1.132394542
1.133012039
1.131907491
1.129615089
1.127329364
1.126367901
1.127650613
1.131052689
1.136327431
1.141361441
1.144676224
1.146927714
1.149858233
1.154013308
1.158727775
1.162510198
1.165351242
1.166697351
1.166543404
1.166118259
1.165558703
1.166639065
1.170459522
1.175532359
1.180076362
1.183253591
1.185191605
1.187412651
1.189778995
1.192012318
1.194251681
1.196917473
1.199169773
1.201006226
1.202002624
1.20370623
1.206685057
1.211799698
1.217650849
1.222529831
1.224558835
1.224153646
1.222891171
1.221632163
1.22080534
1.22169637
1.224165559
1.227359988
1.230708824
1.233490965
1.234256551
1.234590927
1.236229349
1.240628648
1.246066577
1.2512375
1.256432082
1.261059586
1.264224888
1.265175817
1.263907544
1.261903851
1.261381716
1.263078263
1.267744337
1.273175027
1.278781012
1.285617905
1.291737219
1.29439649
1.295241757
1.294421203
1.292543575
1.291729484
1.292128022
1.292680266
1.293992271
1.295459474
1.296626893
1.29703811
1.297147976
1.298475629
1.301786508
1.306483916
1.313197831
1.318867408
1.32239432
1.32376116
1.323736061
1.322474112
1.320751953
1.319961386
1.32118272
1.324576462
1.329692394
1.334674271
1.338266421
1.340928342
1.342340112
1.341869355
1.341087264
1.34046507
1.342043066
1.346144031
1.350418025
1.353281568
1.355360086
1.355221528
1.354609787
1.355269282
1.357360612
1.362643627
1.369391642
1.37504863
1.379116238
1.378994916
1.376618516
1.373284428
1.370121812
1.369050538
1.37343625
1.380420912
1.387606338
1.391082228
1.390332217
1.387635331
1.384784643
1.381942846
1.379755448
1.377896783
1.378782704
1.38160992
1.385417608
1.387614152
1.390792648
1.394307236
1.397506326
1.397441972
1.395093822
1.391450037
1.390418395
1.39313273
1.398633146
1.404650874
1.410532347
1.413792777
1.414579311
1.411071443
1.4052729
1.399338294
1.394736431
1.391941997
1.392733585
1.394180168
1.396446994
1.398720241
1.399853963
1.399845467
1.399185469
1.397058288
1.395915951
1.394614505
1.392666089
1.390073538
1.38635454
1.382164225
1.380084322
1.37929905
1.380450947
1.383221545
1.387134361
1.391223585
1.392071356
1.389671973
1.385822231
1.38150232
1.377520963
1.374356634
1.370402409
1.365346443
1.360630239
1.356725403
1.352992941
1.35084988
1.349658148
1.348942686
1.347758511
1.345949815
1.342578733
1.338594228
1.332912697
1.327723358
1.322094672
1.315878956
1.308474112
1.301721686
1.296367683
1.294657996
1.295670832
1.297897756
1.298615731
1.297519609
1.293557615
1.286606291
1.277757068
1.268380418
1.258488925
1.251739118
1.248080691
1.246614068
1.247622316
1.247760964
1.244270447
1.238480212
1.230135784
1.220284779
1.211503879
1.204753607
1.202100615
1.203377543
1.203675927
1.201173406
1.194772767
1.185641544
1.176719912
1.169775467
1.163688177
1.160743055
1.160239953
1.160821748
1.160323867
1.158477557
1.155289219
1.153052777
1.1516285
1.150610932
1.148793035
1.146178574
1.141707612
1.137787044
1.135072851
1.134217544
1.134026396
1.135160679
1.135239346
1.136380161
1.138055451
1.139071639
1.138630084
1.139253572
1.139880095
1.140908695
1.141674661
1.142577083
1.144950593
1.149608381
1.155365119
1.159529876
1.158297452
1.153970023
1.150063562
1.148313461
1.150184543
1.157312934
1.165710984
1.173625143
1.179806052
1.180916561
1.177354017
1.172163519
1.168360175
1.16661081
1.165546305
1.162857025
1.159770806
1.154404207
1.150003484
1.14736065
1.145661706
1.14516972
1.146819346
1.146466335
1.146116286
1.145234641
1.144089512
1.142948343
1.14087894
1.135498781
1.130014433
1.124558842
1.121223694
1.119990626
1.117717475
1.113240227
1.107489562
1.099971169
1.093654228
1.088518938
1.085816728
1.085783676
1.086387697
1.085218815
1.082535361
1.077592611
1.071672281
1.067780841
1.064278833
1.060790603
1.056821841
1.053855216
1.049671343
1.045750687
1.043065853
1.039782084
1.033726155
1.027226134
1.021843771
1.017800563
1.014843737
1.010713939
1.004131068
0.995957916
0.988314481
0.981879809
0.973660594
0.965170655
0.959563074
0.957126665
0.95481052
0.95261384
0.949087402
0.945021214
0.940973996
0.935956385
0.928238047
0.919394393
0.910740799
0.902803916
0.894093982
0.88505008
0.876611403
0.870093315
0.86342007
0.856797568
0.850826693
0.845295757
0.839602883
0.833948309
0.825112709
0.816560768
0.809527794
0.80208002
0.793197186
0.782093008
0.767403929
0.754228964
0.741885753
0.731990752
0.725229987
0.720923501
0.719372662
0.720390254
0.719784473
0.716535806
0.709241888
0.697853135
0.686228922
0.675351799
0.663607087
0.653069205
0.643920487
0.638245401
0.635426997
0.634290453
0.63081035
0.624497925
0.615949965
0.605763148
0.594160126
0.582835343
0.575099778
0.56965514
0.567058191
0.563928237
0.55844875
0.54988453
0.541442488
0.53305623
0.525427874
0.518467371
0.511903493
0.503205892
0.491757359
0.477446169
0.463519571
0.450797129
0.442732361
0.437862569
0.434752782
0.431397449
0.426958044
0.419438726
0.408989652
0.396260464
0.386434988
0.380372632
0.376129716
0.373186392
0.368462501
0.360389882
0.352211529
0.343291807
0.333311064
0.324700334
0.31729481
0.311780245
0.307171571
0.302507773
0.29824965
0.295931181
0.294155328
0.294342209
0.294153328
0.290892799
0.28630089
0.280651411
0.274498195
0.270485266
0.268810012
0.266867476
0.265349678
0.263873852
0.261860978
0.260436301
0.259794316
0.259693985
0.260609207
0.262550496
0.265366929
0.267205324
0.26773332
0.268890929
0.27142446
0.274906523
0.279623347
0.283939097
0.286462667
0.288375132
0.290151223
0.292655582
0.294725366
0.297883382
0.301773102
0.305358128
0.30653169
0.30727598
0.308459331
0.31192539
0.319216183
0.32788058
0.333936657
0.335912992
0.333740139
0.330351667
0.326323811
0.324123065
0.327728732
0.337106287
0.350779926
0.367708716
0.382668132
0.391265008
0.397729309
0.397421103
0.391535737
0.379860795
0.368967909
0.362489352
0.364471063
0.368992274
0.373425683
0.372237701
0.370581843
0.37081713
0.378973264
0.387543786
0.40007711
0.416020614
0.430977426
0.437170528
0.445961519
0.447396135
0.453022832
0.466245849
0.478096058
0.479821654
0.480534348
0.478133625
0.481607962
0.481065409
0.477649343
0.471118602
0.46478487
0.459507793
0.461418275
0.456922261
0.455550133
0.459815486
0.46763208
0.474503594
0.48389181
0.490747716
0.498507601
0.502793016
0.493170956
0.46558982
0.432679231
0.409226156
0.403590417
0.417193656
0.444253325
0.474531027
0.49577767
0.501640894
0.489753081
0.463111747
0.439456819
0.432077814
0.436694343
0.445975105
0.452109441
0.445951825
0.434256935
0.41907642
0.399835881
0.378889675
0.36060819
0.351113171
0.350952008
0.354092497
0.358237663
0.363513879
0.374399142
0.385188196
0.390084548
0.389579062
0.379147544
0.369730619
0.367811237
0.362349559
0.350909931
0.339389286
0.326522623
0.32003465
0.319137488
0.318285349
0.317142311
0.316463775
0.315035684
0.316242008
0.30828572
0.297911683
0.286075337
0.274836824
0.263985011
0.254751788
0.23785926
0.219355978
0.200202422
0.188288143
0.183571529
0.185998254
0.191866637
0.196902845
0.196736359
0.19384681
0.18534196
0.175169265
0.164408111
0.156113533
0.150163644
0.143601731
0.134004268
0.12366861
0.114225569
0.107675779
0.106334519
0.108022205
0.110646484
0.111677917
0.111007443
0.107048662
0.099600131
0.091560675
0.083857722
0.07682906
0.074290782
0.075555457
0.079513529
0.084662721
0.088338958
0.086915775
0.081562402
0.072880008
0.065211421
0.059954235
0.05690675
0.056652498
0.057956268
0.058443459
0.059733904
0.05980659
0.059229634
0.05991236
0.060304117
0.058329518
0.055173519
0.049229523
0.04382302
0.040953055
0.039926106
0.040522646
0.043266302
0.046714666
0.051344115
0.054877607
0.05645767
0.055575163
0.052848544
0.048589728
0.045683608
0.042842029
0.042651131
0.045743387
0.050701326
0.057842845
0.066548424
0.072160084
0.074140239
0.072904308
0.069434305
0.066814149
0.065463394
0.065332799
0.067965155
0.073153271
0.078887236
0.08221698
0.080294572
0.079222946
0.082558606
0.089472473
0.097051181
0.10274708
0.103099212
0.10375238
0.106129052
0.108711076
0.114157418
0.12246616
0.130909001
0.133234607
0.129833513
0.122542158
0.118503344
0.12052667
0.127726227
0.137540174
0.146603691
0.151401325
0.154822589
0.154361947
0.15322237
0.151137437
0.147683783
0.141597456
0.137401328
0.134816524
0.135116095
0.13942448
0.148420199
0.160449808
0.175162914
0.186920368
0.201416023
0.215241709
0.219752058
0.220379722
0.217121151
0.212394157
0.215594079
0.217524963
0.202934075
0.185937158
0.176516511
0.17592618
0.17956757
0.182338903
0.179792146
0.173162593
0.161558092
0.146228333
0.129967291
0.119512677
0.122872971
0.13709234
0.165570078